t	mesh_energy	bond_energy	total_energy
0	nan	93000.000000	nan	0.000000
100	nan	93000.000000	nan	0.000000

End of Equilibration

0	nan	93000.000000	nan	0.000000
100	nan	93000.000000	nan	0.000000
200	nan	93000.000000	nan	0.000000
300	nan	93000.000000	nan	0.000000
400	nan	93000.000000	nan	0.000000
500	nan	93000.000000	nan	0.000000
600	nan	93000.000000	nan	0.000000
700	nan	93000.000000	nan	0.000000
800	nan	93000.000000	nan	0.000000
900	nan	93000.000000	nan	0.000000
1000	nan	93000.000000	nan	0.000000
